image_width: 320
image_height: 240
camera_name: camera
camera_matrix:
  rows: 3
  cols: 3
  data: [201.759668, 0, 153.323211, 0, 202.569335, 102.875507, 0, 0, 1]
distortion_model: plumb_bob
distortion_coefficients:
  rows: 1
  cols: 5
  data: [-0.299718, 0.080869, 0.003006, -0.004247, 0]
rectification_matrix:
  rows: 3
  cols: 3
  data: [1, 0, 0, 0, 1, 0, 0, 0, 1]
projection_matrix:
  rows: 3
  cols: 4
  data: [155.469421, 0, 145.814530, 0, 0, 176.914529, 98.891951, 0, 0, 0, 1, 0]
